    02, 05, DD, 00, 03,
	42, 4D, 40, 02, 00, 00, 00, 00, 00, 00, 3E, 00,
	00, 00, 28, 00, 00, 00, 40, 00, 00, 00, 40, 00,
	00, 00, 01, 00, 01, 00, 00, 00, 00, 00, 02, 02,
	00, 00, B1, 03, 00, 00, B1, 03, 00, 00, 00, 00,
	00, 00, 00, 00, 00, 00, FF, FF, FF, 00, 00, 00,
	00, 00, 00, 00, 00, 00, 00, 00, 00, 00, 00, 00,
	00, 00, 00, 00, 00, 00, 00, 00, 00, 00, 00, 00,
	00, 00, 00, 00, 00, 00, 00, 00, 00, 00, 00, 00,
	00, 00, 00, 00, 00, 00, 00, 00, 00, 00, 00, 00,
	00, 00, 00, 00, 00, 00, 00, 00, 00, 00, 00, 00,
	00, 00, 00, 00, 00, 00, 00, 00, 00, 00, 00, 00,
	00, 00, 00, 00, 00, 00, 00, 00, 00, 00, 00, 7F,
	5C, AF, 9B, F7, 18, 00, 00, 41, 56, 41, 71, 1E,
	60, 00, 00, 5D, 6C, EC, 47, 95, 00, 00, 00, 5D,
	54, 76, FD, CF, 68, 00, 00, 5D, 5F, 9F, D7, 27,
	EC, 00, 00, 41, 39, BC, 79, 04, 74, 00, 00, 7F,
	73, 15, 65, 05, 6C, 00, 00, 00, 68, B4, 4E, A4,
	60, 00, 00, 4D, 07, 17, E4, 07, F4, 00, 00, 3C,
	A9, B0, 4A, A8, 90, 00, 00, 05, 53, 16, E9, DF,
	38, 00, 00, 4A, DA, 90, 42, 49, 94, 00, 00, 23,
	74, 26, E8, FF, 00, 00, 00, 2A, E6, 40, 42, 11,
	18, 00, 00, 57, AC, E6, CB, EE, 60, 00, 00, 60,
	D6, 52, B1, 5A, 28, 00, 00, 55, 1C, AD, 1B, F1,
	54, 00, 00, 24, 86, 4F, B1, 1A, 60, 00, 00, 47,
	AC, E9, 47, 30, C8, 00, 00, 72, 04, 76, BD, A6,
	6C, 00, 00, 77, FF, 97, D7, 0F, CC, 00, 00, 5C,
	5D, BC, 79, 94, 54, 00, 00, 0D, 7F, 1D, 65, 05,
	4C, 00, 00, 04, 7C, BC, 4E, A4, 40, 00, 00, 67,
	CF, 17, E4, 0F, F8, 00, 00, 54, 45, BD, 0A, A4,
	90, 00, 00, 31, 33, 13, A9, F9, 38, 00, 00, 6A,
	CA, 91, 42, 46, 5C, 00, 00, 6B, E4, 28, 68, D3,
	A0, 00, 00, 3E, 3A, 42, C2, 1A, D8, 00, 00, 3F,
	FC, E8, 4B, E0, 90, 00, 00, 68, C2, 52, F1, 5B,
	18, 00, 00, 39, 14, A8, 5B, F5, 98, 00, 00, 62,
	7E, 42, F1, 1B, 20, 00, 00, 4D, 50, E8, 47, 33,
	48, 00, 00, 28, FC, 7E, FD, 8E, EC, 00, 00, 7D,
	FB, 9F, D7, 12, A8, 00, 00, 00, 35, B4, 79, A4,
	00, 00, 00, 7F, 55, 55, 55, 55, FC, 00, 00, 41,
	5B, 1C, 65, 01, 04, 00, 00, 5D, 34, BF, CE, BD,
	74, 00, 00, 5D, 67, 12, A4, 2D, 74, 00, 00, 5D,
	15, BD, 0A, A9, 74, 00, 00, 41, 7B, 17, A9, C9,
	04, 00, 00, 7F, 36, 9D, 42, 65, FC, 00, 00, 00,
	00, 00, 00, 00, 00, 00, 00, 00, 00, 00, 00, 00,
	00, 00, 00, 00, 00, 00, 00, 00, 00, 00, 00, 00,
	00, 00, 00, 00, 00, 00, 00, 00, 00, 00, 00, 00,
	00, 00, 00, 00, 00, 00, 00, 00, 00, 00, 00, 00,
	00, 00, 00, 00, 00, 00, 00, 00, 00, 00, 00, 00,
	00, 00, 00, 00, 00, 00, 00, 00, 00, 00, 00, 00,